0 L1 0.00489235396098366 3.045953723431527
0 L2 0.006274094607537008 3.80826893632401
1 L1 0.004396390563808693 2.8022989844694606
1 L2 0.005504426669869577 3.478447702017746
2 L1 0.0042550850299173755 2.8946549826743064
2 L2 0.005925498566162088 3.39107715119406
0 L1 0.00489235396098366 3.045953723431527
0 L2 0.006274094607537008 3.80826893632401
1 L1 0.004396390563808693 2.8022989844694606
1 L2 0.005504426669869577 3.478447702017746
2 L1 0.0042550850299173755 2.8946549826743064
2 L2 0.005925498566162088 3.39107715119406
3 L1 0.003789153231686389 2.3390727457443217
3 L2 0.004991900790016839 3.194563478575522
4 L1 0.005049273567961595 2.9724028246823724
4 L2 0.006347799400946757 3.665999421524742
5 L1 0.007034496119906323 4.081944085027167
5 L2 0.009538611599121389 5.589411852289181
6 L1 0.0044381270868600955 2.6732732012152645
6 L2 0.006029046932483579 3.6547225290210315
7 L1 0.003992660948578019 2.454606549642165
7 L2 0.005506803816916785 3.3415870960712684
8 L1 0.005337793519555868 3.5525604840568556
8 L2 0.007210580517074384 4.890926345466619
9 L1 0.005750738784933255 3.614000762312939
9 L2 0.007440855277316276 4.7346894678039275
10 L1 0.004593585964532359 2.9139103054935447
10 L2 0.0067237305352452585 4.429209722555259
11 L1 0.0038930338228324052 2.4982009788377253
11 L2 0.005521771455416533 3.6053885337830445
12 L1 0.007729599860812468 4.800858303992463
12 L2 0.009274481660110051 5.9257982955172475
13 L1 0.004317958369339829 2.8564378571741833
13 L2 0.007208095435667285 4.949093352145905
14 L1 0.007846890816795685 5.030110511426809
14 L2 0.009435580525625438 6.193079097497269
15 L1 0.006586332135564469 4.203873241181675
15 L2 0.009203615205523022 6.248503081495346
16 L1 0.004346480462549175 2.9108509810496264
16 L2 0.007002758350829279 4.904220773702502
17 L1 0.012452168974050432 7.19676617655394
17 L2 0.014950996028189388 8.84466088491421
18 L1 0.0062577623456197195 4.134745252738099
18 L2 0.00938652214412612 6.2658923432865405
19 L1 0.004368082678128429 2.644482100796148
19 L2 0.00600311347588132 3.6349120835088753
20 L1 0.004046289755526757 2.5211131178772463
20 L2 0.005645258972985299 3.421156003576794
21 L1 0.005416180158539431 3.6051659166520547
21 L2 0.00722469822784619 4.910059431382514
22 L1 0.0056765057240519 3.5494555976875897
22 L2 0.008318276154224313 5.334880517156995
23 L1 0.004743469600956754 3.018002747103226
23 L2 0.006704573525747532 4.420288706095831
24 L1 0.0038342423663804107 2.4725026246522552
24 L2 0.005754556472816001 3.818844209527617
25 L1 0.007976240826119679 4.81971458437226
25 L2 0.009646862331458292 5.996215921723061
26 L1 0.004186241116363888 2.7375383917757032
26 L2 0.006400644962237098 4.352878025333613
27 L1 0.008049666171577914 5.115490019078132
27 L2 0.011062204476027328 7.300039942199981
28 L1 0.006474808084822133 4.168784712064901
28 L2 0.009524568816743184 6.484520055940881
29 L1 0.0043836350256615695 2.8530831744501595
29 L2 0.006216125688826769 4.163217502307415
30 L1 0.012029360386241026 6.815067300143709
30 L2 0.013882181640208704 7.951008581090364
31 L1 0.006744380864594746 4.521496895699113
31 L2 0.010068230866206342 6.481900763596124
0 L1 0.004693776161820225 3.229427337291001
0 L2 0.005960322057947837 4.0876666010900635
1 L1 0.004245039631724549 2.9254934622144324
1 L2 0.005663816496682865 3.7546542221594956
2 L1 0.004050176664772853 3.0649919308633695
2 L2 0.005414399868676514 3.7412806943555763
3 L1 0.0038912438068993914 2.5253195198796536
3 L2 0.005713425745893054 3.836024765563613
4 L1 0.004993318295635696 3.0892614872632462
4 L2 0.0061711120824505155 3.882125130590443
5 L1 0.007367578632726823 4.57912480188978
5 L2 0.010673475958371778 6.754112933346925
6 L1 0.004103959990326147 2.6408033940861446
6 L2 0.0055464554851375495 3.6634727153729925
7 L1 0.0040886050870512156 2.6550165394163967
7 L2 0.005324427461121389 3.472577380647859
8 L1 0.005453662715351477 3.8550811457443834
8 L2 0.007205354786551367 5.142357649396524
9 L1 0.0054849251448914295 3.6615521469829657
9 L2 0.007242327550971119 4.909448948697916
10 L1 0.004527899026029268 3.02732815058454
10 L2 0.006368628104585849 4.419242076023572
11 L1 0.0036883284458786815 2.4934719072746394
11 L2 0.005126590332880267 3.5634911629861774
12 L1 0.00772054310143849 4.989367748332424
12 L2 0.009093590532726086 5.975865268272604
13 L1 0.004281095167631378 2.856325513424551
13 L2 0.006402371679850081 4.470028785040055
14 L1 0.00798345705945325 5.284551242122625
14 L2 0.010178021477898732 6.880124530069254
15 L1 0.006635210867929608 4.539965046613857
15 L2 0.008660236722684195 6.085024418121431
16 L1 0.004469075205073502 2.9411783500023048
16 L2 0.006518645282300041 4.434316170975825
17 L1 0.01241393718016433 7.3003640450194425
17 L2 0.013944408361144755 8.335727227579147
18 L1 0.006958822543828109 4.538688096051603
18 L2 0.009957283481050665 6.605902897105945
19 L1 0.004339748048547061 2.788291043001815
19 L2 0.005843039399301355 3.8341734186990295
20 L1 0.003976148380543429 2.6065180611602856
20 L2 0.006139812253683415 4.072409575062527
21 L1 0.0054335404480743196 3.78543814990398
21 L2 0.006902596816398349 4.867447482541909
22 L1 0.005805868674197832 3.864487482906767
22 L2 0.007535463455234737 5.0347983651006825
23 L1 0.004501924808998474 3.0284000808523173
23 L2 0.006613323458280269 4.550123064077078
24 L1 0.0038173988226362318 2.555094553054807
24 L2 0.005378796216988988 3.696685558797752
25 L1 0.007862802278742843 5.0709594761992705
25 L2 0.00965891937676074 6.274014630766704
26 L1 0.004149786054619714 2.7975503486189557
26 L2 0.006391212171081138 4.456649006230011
27 L1 0.008094317510713621 5.239491556600817
27 L2 0.010863227859250299 7.200465895128063
28 L1 0.006608263962282705 4.460639306311754
28 L2 0.009383019959692719 6.574709588317598
29 L1 0.004291497950333658 2.8249257488756827
29 L2 0.006038582079797859 4.07535685112829
30 L1 0.012186607964697942 7.2025816909122415
30 L2 0.014427768714112272 8.724903447007353
31 L1 0.00662718678154748 4.317869477356179
31 L2 0.009552076860625293 6.1025512799348105
0 L1 0.004496557528261071 3.3306990609954483
0 L2 0.00708521757896573 5.284271433559285
1 L1 0.004301422082283126 3.1675763965997312
1 L2 0.0059340394226368295 4.364271117288268
2 L1 0.003684014679254485 3.1319783948151305
2 L2 0.004835505064197467 3.378265565974911
3 L1 0.004380205451454875 3.056603408764637
3 L2 0.006656093223222862 4.740798636760182
4 L1 0.005220770226253615 3.4361666509291586
4 L2 0.007215510421717004 4.779192824585039
5 L1 0.007363935921728976 4.484123573002145
5 L2 0.01120355433380251 7.019601359410835
6 L1 0.00423385866843355 2.8362495959882237
6 L2 0.006319829519569901 4.330212001498375
7 L1 0.0038123859091853916 2.6950152306592563
7 L2 0.0057501630530414115 3.87116573414139
8 L1 0.005384979795418054 4.078070727897554
8 L2 0.007567560664649524 5.916969560506633
9 L1 0.005655287673502817 4.087839806042063
9 L2 0.008040694392622057 5.86992595986702
10 L1 0.00450610290353208 3.1917579806515417
10 L2 0.005806525392553578 4.238718408468049
11 L1 0.003749926733937625 2.6147175756100554
11 L2 0.005627344944718048 4.118023686019637
12 L1 0.007558512587336459 5.303181475569671
12 L2 0.010126403373771466 7.327637973694734
13 L1 0.004207000141756675 2.889970308109514
13 L2 0.006627481518724402 4.736614871094905
14 L1 0.007671638386948839 5.2105859470966855
14 L2 0.010021187987069306 6.992207422272529
15 L1 0.006514556995922797 4.517161846930216
15 L2 0.00867761746218208 6.25245857358933
16 L1 0.0042709940966169715 2.803988972206558
16 L2 0.006545867536104372 4.48189385387839
17 L1 0.012506108121319961 7.8637686205834925
17 L2 0.015030506483037626 9.77659959039404
18 L1 0.006203350223028498 4.744905536195651
18 L2 0.008522634452309236 6.291672197335729
19 L1 0.004411031413437325 2.952034048817726
19 L2 0.005844958627935013 3.927967017541901
20 L1 0.0037680207670299708 2.672201073268046
20 L2 0.005638386722578257 3.7370414831387673
21 L1 0.0052737791483271415 3.9837620644922027
21 L2 0.007382852722378491 5.7728737238548
22 L1 0.005890485015992089 4.190255584709915
22 L2 0.008327835706876782 5.969908741504689
23 L1 0.004637973311107055 3.276000042868354
23 L2 0.00607083968909979 4.39008055587413
24 L1 0.003813064891053863 2.6117883840827427
24 L2 0.005964486684353967 4.280387576500047
25 L1 0.007767763157882248 5.438425649974363
25 L2 0.009765441665822834 6.956839479200968
26 L1 0.00425913515161142 2.905436158788851
26 L2 0.00645386346426424 4.51001486148662
27 L1 0.007747777955085496 5.239761134200814
27 L2 0.010141505794859517 7.052469193296663
28 L1 0.006443987295990367 4.4924379920580995
28 L2 0.0084513583704456 6.062029028239958
29 L1 0.004389001885298992 2.8856777439143224
29 L2 0.006944943343638782 4.653904718370492
30 L1 0.013676449375375663 8.663872710863188
30 L2 0.015598191756897466 10.034297820552702
31 L1 0.006191523973853164 4.612455229357418
31 L2 0.008380826864956776 6.186099969250261
